74.4499  66.1472
77.5077  70.5660
79.9168  74.7738
85.0674  77.4482
88.1027  81.0128
91.4662  84.7278
94.9608  89.0216
99.0763  90.8216
103.7233  94.0260
106.7166  96.6419
110.8100  99.5126
114.9567  104.7667
117.8829  107.3359
123.2401  108.6040
125.4598  112.9289
130.4299  115.5837
135.6745  117.8650
140.5548  119.7480
145.1745  119.9709
149.1266  121.8307
152.8781  122.7961
158.0880  123.7291
162.8778  122.5143
167.7287  120.0296
169.3876  118.2218
172.4166  115.4204
174.3740  112.2939
173.9728  106.5275
172.1312  102.2299
169.1514  99.1847
165.7386  95.6879
162.6301  91.6305
158.1829  90.7657
154.7736  87.7357
151.5704  84.8969
150.6206  81.2443
150.3500  78.2457
151.6231  75.5158
156.0585  73.4014
161.0916  70.6793
164.9605  69.3553
169.6287  65.9108
173.3486  64.3192
176.3012  60.7765
180.8577  57.8931
182.4095  54.3764
182.3738  50.1718
182.3062  46.4555
180.2616  44.7738
175.6797  42.4040
171.1847  40.2868
168.0774  41.6314
162.8992  43.0998
158.0730  43.8006
152.9602  46.3041
148.5238  48.2257
146.2109  51.5105
140.1314  53.7679
135.8602  54.7041
131.9416  57.4791
127.5407  57.6459
121.9212  56.4340
117.9348  54.7110
112.7595  54.3456
109.4611  50.8389
105.9307  48.7006
100.6348  46.5896
97.4426  43.8620
93.8285  39.7162
87.7706  37.7689
83.9464  35.1358
80.0269  35.0901
75.0519  32.4373
71.6081  33.4485
68.4307  33.3401
67.2836  36.6659
67.0201  39.9190
66.5777  44.2613
67.0417  49.9779
67.6327  52.5170
69.4537  56.7270
70.5638  60.4022
